100
4289383
46930886
81692777
14636915
57747793
24238335
19885386
49760492
96516649
89641421
25202362
50490027
83368690
2520059
44897763
67513926
65180540
40383426
4089172
3455736
35005211
21595368
94702567
26956429
36465782
61021530
78722862
33665123
45174067
68703135
1513929
1979802
15634022
35723058
69133069
25898167
59961393
89018456
28175011
56478042
31176229
53377373
59484421
14544919
8413784
56898537
34575198
73594324
49798315
38664370
29566413
84803526
12776091
24268980
11759956
49241873
37806862
42999170
82906996
35497281
11702305
84420925
37477084
27336327
72660336
59126505
5750846
32621729
661313
33925857
41616124
84353895
39819582
1100545
98898814
48233367
10515434
85990364
74344043
60313750
77171087
56426808
45117276
89947178
80695788
9393584
91705403
18502651
52392754
74612399
53999932
64095060
11549676
43993368
43947739
84210012
55636226
49698586
69348094
56297539
