10000
69678468
29588156
18400960
38982933
81098823
87323286
13213171
68275358
20185677
25040140
99493245
67022181
17572761
14933990
99150323
10210050
25084100
3409954
79461075
72668364
18322042
87235624
51042659
68423919
92456289
76225844
33293469
79451238
78841551
42474976
72125383
48520019
72063133
90526343
40019304
53161956
30365981
53232475
73953666
3068011
30788967
73446912
70090192
48361729
88380902
21756868
11088131
13465002
77683174
90549207
38649718
96005216
30301183
89692377
16945487
22757472
18434573
50238957
54725062
97276125
92713933
79366797
98312496
17293418
69893141
90848153
22971726
52775474
96596980
96925393
55843485
27385948
70372305
78450030
28264029
11269559
206898
39352160
24734562
30406424
82417719
63384280
26411641
12718902
5593010
95873480
87992726
24027583
98628789
95234140
21303708
91342723
74600938
72132557
61152493
97010431
62980710
84124220
49785905
59577690
81049613
5629391
86963638
3938270
84079421
15227667
15207829
36802671
7096180
92458743
67209095
89513899
55843024
46137088
54749154
13952386
42010569
95258232
37979969
93155710
90492373
11800030
84498433
17609663
83932587
98167279
14620094
99429649
82291499
16922351
59007339
15857464
22551742
98487330
72312086
59147515
66231349
87519915
95950186
25843881
32495011
15675634
67874133
40854387
61812722
22623287
54806773
56339643
17881519
92786742
49495354
60890244
57103124
86510139
31016259
93552063
84677418
45636353
92981712
19485269
62558705
4505404
35342733
37626799
2992734
7654819
96774315
21740435
47691087
45240853
100669
32702450
60916487
67974802
73556837
75245562
90598089
28363610
31585205
60995960
73666704
33596911
74402557
30769829
72623403
5418816
24321892
57300821
3571522
17303605
29302443
18646579
74325361
17161528
56273378
29834447
77332700
5564045
51574882
25023787
50804899
51675551
10242589
11721386
19650353
83799426
86966948
62764794
12163036
71068506
76277107
38346092
4665417
50679664
69115921
77288820
56098480
45954166
87105994
12186354
15774123
16408437
30832933
90099484
86086317
87106312
19933931
63419017
45186709
24025165
40959156
95991608
28217069
51201745
7712995
47867422
35001171
47196295
63148569
99680559
18264801
39425676
38026652
75446571
90105340
59658925
5251743
98720172
5613091
44874089
10906527
73903566
13798878
94255812
64003050
99885196
81362124
36453333
63304213
79065186
60478499
4263370
75056794
88695568
55465115
35286141
89079342
42982639
82482437
4744263
42663198
53263590
44169939
33206202
81226513
86791631
92865128
86478257
85511804
50994571
31352346
48934683
24898138
45151225
43190495
41417540
45036421
77068972
30387226
8340634
56134158
90865725
65120356
31190952
32077645
20585472
18993446
73673339
63568111
1475883
78417603
58747661
7255825
22587542
44470216
88482339
9379174
37335344
74960596
47407330
40846267
58829294
96342013
18260757
3980519
92048860
12194650
1533292
69117832
42581876
62390279
25251990
85963953
27510635
8959295
18041598
48096107
27952741
91714937
64180570
81944976
70132540
75444584
89200801
92720083
19914800
30199492
54615609
9766496
57676440
2022939
50612763
16505735
50881304
21389873
73002606
42930164
33584523
27052251
64564349
28682751
89442530
89816339
14646704
16953165
51291986
32688302
17565625
31761079
76919591
34262547
66222407
99568484
9707131
7939561
44804919
29621931
38139053
99420528
39388427
95815494
53959819
42517543
64837581
4841123
16423768
37840187
287639
2524643
64892438
64851988
31207394
6851320
7184680
45854098
23804486
10993018
31058752
93886463
42754098
60494695
28149010
8976505
60063179
37856142
16916066
4868098
19994425
7571472
56804978
59382853
3386966
10764797
54416748
68224547
68122272
70840516
58581086
68409912
73365159
75989877
33261900
4572553
82841197
92962932
2943003
59162035
3955951
86518107
53048498
46710049
99529154
33713861
8202906
59592334
71570003
77635325
16976784
91564428
85206797
73781763
3463633
41110115
84546560
57880381
61851014
5185185
28720897
20432100
73595097
54602408
48938329
59373349
11691313
84295879
4852634
14634316
43457914
8808585
53668775
49022765
8034986
53197930
82736626
16237892
65306616
54306629
46389569
34799752
98387409
31596366
8581515
54367395
25222833
45644428
12247776
87073847
50829613
93485026
60022300
76941062
603786
8960629
88830763
12295100
93256508
93683397
26929416
89230775
2491982
33114544
38253540
63043320
38828826
73506518
31797565
56651794
80329499
78187134
91451546
78716908
62299853
33062
33084303
87522686
98193842
97848432
74596534
1539807
43849810
34618834
78480869
44453596
96095815
19827984
56748696
89352324
13511382
36194465
31099451
68519716
21825361
21869343
31563037
60654187
95375861
63360602
17305981
75705360
94064088
61273879
6938620
56363941
13823293
40022924
43886628
12017135
90387708
18483162
13556942
86753870
53101996
44554163
31207466
49197811
16898500
40472515
91066487
82926234
29183332
74682290
51445950
51008693
96551633
35525339
11662880
91927494
51402293
81485213
67632854
45466382
95275444
74571475
1830323
9098738
67110751
45716951
21115873
10014811
16716465
87189168
96768681
22334813
84259683
80492499
24048977
53674535
20965014
15115464
36600769
50148346
42314107
40563072
53673391
38865740
76088411
17852623
83309587
80007057
99337836
3458793
25473439
94613281
30546620
79820114
56228371
97657371
78053418
29860596
60188534
94769883
17049764
9473567
17104697
53825800
89966067
41153674
7500335
63447433
8785490
96617457
66112132
3615949
37180529
19785523
42481690
65785292
37638147
78307629
45792349
89492335
81766422
23782140
36621968
12313043
3602255
92850339
62486766
34172025
22710936
75191653
81458260
92277052
84665220
98562957
98619204
74631287
92232983
6119540
38078721
53534826
2736997
56707205
9667127
92433878
76492728
4665169
58219170
66647227
82972798
4011520
56139563
64739221
27793660
45277883
29568616
83912267
38128223
92055382
18084292
13355511
67247035
99542553
5632563
4428608
50621862
4251768
79059895
95371198
62887660
69654968
1422376
18141009
26362173
11089503
10574887
55371254
15754673
68794057
22018481
51243823
25321929
30674396
15983044
5631942
75952280
98068012
89544209
66596855
42639747
60144854
79952366
62403134
12203759
38101281
66831742
15341973
94869401
45891638
10713171
10273413
68062958
64651899
28414422
46941484
28257755
91505661
54829090
96528780
12816071
29363923
47772603
38138000
60038320
16272000
43769942
88506952
14340012
85830504
55103807
56979759
45975358
87572525
19382894
58179117
78190158
86214636
73521090
73059560
84622626
36750614
83332973
5201937
53918865
64263748
52143421
82176620
55769409
59488863
78705400
21101832
88852786
26478004
59239833
1407458
95266356
55526127
89914410
9606368
41356631
97534569
66586128
39848341
37623446
38485374
98027458
15813605
24700010
24064901
88873165
61838989
13331867
24722490
67040926
67250732
88986238
71700699
1943705
97272000
31189562
33165457
18373832
20042348
59643461
30130017
21449807
7426169
38172497
63880569
17032538
79529128
61415139
36135018
19377470
99038585
74620392
69921280
67368542
51836754
46502533
56241707
13675743
59834400
33480550
33233021
79601485
22466788
4933720
81545190
72255140
88639634
14710647
43145325
8681983
26870461
25791694
82648142
34296630
63964191
99045063
3845520
43493320
12976554
39980538
15387142
64531492
14600930
85308422
31900034
66437685
84327308
40658094
32629780
44161708
74138644
65862802
76279545
49121784
70796522
10341087
21376925
59436157
25051735
17038602
20634492
4438548
42830296
55798986
91251530
59310840
54844049
95097051
55320512
20336956
35077589
70707654
84868448
2194872
8532428
16768482
68632557
45376088
57426576
1262337
89537797
31565220
67125139
18333694
80687005
90438014
28674782
54580282
2390523
6242869
24135236
23025015
10681417
19481884
31340353
54449299
78792724
38700754
49546350
34113236
59037710
37140292
57337242
43906158
39335164
18386023
60674641
7967721
63762111
70617569
61746410
5816260
2182790
81387902
24149955
35386147
71825916
5341089
42482781
74216439
11583958
66618017
49757806
22265375
86099901
33614511
76714674
17408978
72315265
78777377
4038566
31352976
15917669
13892161
75259134
55252833
84794536
88450127
15736906
1072999
59067697
77483316
6889260
13766839
11387570
83555567
49152986
83213486
41413008
91635767
9946277
52996966
10770136
12220435
27778693
96870037
45834946
57009719
66795367
18150212
35787096
70833934
2019540
4221117
84726095
77278674
59473950
69520631
65728802
27727208
70593630
77312851
5210525
29999242
91079690
69114447
66071161
40232676
52327934
7484169
84384795
14790563
60481135
95154931
79527351
40776180
44541320
25362297
97785900
11336688
96028861
33572996
34686974
98048401
37794114
19413069
27843428
49784416
41450052
46088582
77511625
12043682
23401433
35238502
94559277
14481123
4352949
13146790
7230151
9197235
20630960
91614946
23987799
33628447
39286229
56031502
74404628
83827549
81393799
72190528
47680589
29939013
58279876
82367563
80503766
96073990
54296984
8347194
98374759
95747036
54435776
75886384
60307071
77837209
63641238
7382700
44834684
20510539
20529490
52064835
29707775
41160450
43679781
6211926
27305250
35482362
62243428
1709878
71826264
96153579
26416758
19506853
78608944
84696634
54390769
59112711
33286977
61204105
19976257
31661736
56951142
74412034
60064472
69774565
4765595
23705710
77157265
2116632
44216249
50203107
54181467
26440376
91363558
50377601
32652302
71185160
85859963
47412082
72895038
57686227
96082014
99311796
29709433
74690958
84008430
36616554
33803669
17295407
97820659
53779927
1473495
54771801
80708313
61537967
77062718
37990260
37760029
6736335
40106892
34492631
56939443
46804712
60933007
819353
97182313
46101662
72004513
35558628
46030096
44899551
93244856
42112110
96727699
75470641
16803069
33252481
12087195
3123090
50547889
9907854
9419369
4537736
17196008
90127682
66075704
94258726
80634295
3835733
53511414
20741187
38328364
10450857
20062251
51777724
11270210
17244564
50395738
83274723
52803193
96425834
80690626
98564401
38537945
77418325
26551394
7857366
10670806
38638589
10980456
13735047
1062795
20399826
18272784
18258803
63043860
36864840
65033882
43678155
40700573
71061648
16935695
31545290
81512505
36997946
35839366
45299067
6758863
86235104
28573790
12078408
35177290
61780768
63159161
73715235
39199093
89710555
81572601
2386251
28349144
45069410
68637651
81928291
17985588
86910435
52703447
81029448
23775275
70253681
77223956
16992200
41315329
94159651
1053842
22827834
83673949
89409560
68126901
42949164
75644664
49217043
55027572
10821955
10997811
18186733
37053542
2713256
60413640
71142496
57615859
41279136
68728258
26253510
23207428
86713846
65680297
75910875
67743294
41971924
46164556
44967250
58964125
87479885
91643253
12534319
62824071
27833555
1943880
83467324
70782719
30104896
32684367
78326644
93443203
96198530
49029729
30496746
98911786
9443370
54155594
56527645
3238858
22883852
35297508
26446286
9597698
977805
54873513
29857344
42949730
53554421
27340947
54430207
93550658
18984200
19480878
56374729
99334107
21424758
39842053
22633179
4046007
25042772
53476175
97489210
21241302
2505904
80502308
72669440
64465626
34657902
29197086
67704485
10058106
17010946
46667123
19655804
17988751
1540637
2029501
13454833
7611410
29370448
20401392
1162069
871000
39882271
10053150
205108
13823381
2411556
22838287
17869388
27454328
76314462
67874951
1211983
31336718
48377259
73881423
95802345
35551514
55594861
16023182
98125972
72605807
15206657
70298129
43110911
16747294
72327630
56565744
76875057
1698078
76967137
78037126
2569078
69365760
40606628
2774186
83189141
43018184
78128825
53574882
22988865
6959639
21449833
24200848
38296358
22343444
50598623
86615055
10411310
6193485
55154589
8537283
31315644
70361246
78835412
74426555
39624893
51163042
30992300
16499950
52861120
60475789
47053428
7946550
29841549
87660056
10720737
65547042
30678241
41365914
19121924
6183458
48325554
93088109
82900658
39138264
15431554
33499281
25753319
78359216
92209118
33424260
86896499
23524763
3785506
18248263
97951318
43410399
69411305
81459970
12426701
74788777
94452111
59480129
82735328
76810012
47140186
45972417
42357055
30334779
39854683
61478979
89034589
88180237
54567089
71935247
79834853
22514995
57950880
58104524
874211
50159999
91528784
87770711
26201114
47830643
58535326
76668784
91241042
27946632
10645107
56184096
55251761
5097218
15664225
90503441
81907231
15320763
88992210
24264286
98171894
28846894
38259617
39722835
69543483
45343058
11658082
49378337
67858053
22125315
59999213
21248617
72285314
51527998
61535680
51002780
99358641
20071006
27671564
43116035
48017638
90833023
99300131
55785752
95930242
67480709
98805545
30353825
35317824
87797756
7134463
86006071
69161002
45394080
25728906
38704485
43253491
37386989
40599174
11111544
12028656
598388
32360161
84313970
4642738
93895841
87833102
4001379
13966848
68021018
99633766
14500838
58854042
51450250
22802942
54784284
18930959
21608488
37654461
6765135
61922596
44788924
92771206
31083598
42699356
18500113
22304435
85952847
8403454
15419962
49580744
20432110
68534702
34457257
57262432
73177440
80869451
97611886
29695171
94836299
65632904
81845289
61853489
24486946
33295539
37172784
31787582
4742850
58781272
69442043
11507986
20703868
66747319
4279192
4303818
9446676
75295657
26608253
47915875
36215463
42028215
97496619
9163925
63079269
31953877
18942709
36256709
65339680
16554595
18468232
12692331
82187500
313522
74545820
6674446
86125413
64234956
38462029
90868264
23016228
60420424
2376250
96236448
27167744
59171794
53056618
89130772
86983804
79664872
37046647
23199267
74209439
87059619
32363193
37288709
71529848
3822254
26061770
36869528
20376850
97046355
49561859
2564350
49876229
76624031
61755148
36001642
40858988
217177
26869906
16391568
13153954
81762508
65144369
40321698
40934303
18200987
29452470
27918107
50382211
19015469
3633726
77108003
58591440
88513271
66913064
30121288
92335526
45491186
66990816
12712376
42537541
69069027
67793078
44930122
45693059
29548226
80931765
39068399
29765404
60318023
55459967
42919358
42080532
73120688
35757408
35531187
91321676
17726230
63449294
94220239
89258051
19599372
71328242
47849492
8112644
38241306
77970780
52964522
83732493
97477949
65676898
78786386
19063328
33469976
23716509
64756387
63018202
57164626
56341138
45299958
17482649
64317458
40735668
59563181
37438146
29009428
47610720
81276174
46735658
11060014
75496414
88510062
83175739
46824656
36359554
43804735
37582315
14330334
96769257
73831160
64324635
14962507
52617546
83387964
48432483
76334055
660703
63967037
86015033
57001842
61783348
3497683
21319300
55035368
15577216
58757446
36561149
63187937
40033621
35813159
26764303
68046387
24323221
9940042
14871043
60682775
53744777
4969710
27529462
3030386
78800870
91854097
17992893
31418417
75242061
18941728
60268824
28419117
82908766
46283858
85420959
97208466
2297893
6740259
4760186
17875109
18014057
41321335
81063046
10564030
77134495
60343702
78610417
1457716
22800096
45997813
62140492
76544874
50967523
42186306
79575260
29768394
34040403
50084506
13703163
61798817
69026234
26488339
90217934
4451352
25288549
75638893
1659818
27586442
34895504
6420005
97977904
5425913
257692
31557302
15989944
77392187
91901004
94600361
31366256
14701101
93114526
93506748
43762327
44082050
35693054
75853939
26366796
22249809
25938445
92586311
84048626
94964680
71591002
26782912
99416032
96879552
54938157
53592203
76982346
89833661
12528560
74960250
47775927
12786252
6517553
63765871
90178440
98418557
10882584
74061048
65636010
3997111
20084148
9398337
595513
8293554
85252277
79478661
30543363
63707074
24581324
67108342
58671754
96172326
93891254
10604139
93051878
1345764
64196342
70034225
43695777
76724902
97510827
91471704
89511154
4028380
55237575
32205946
54963290
66120160
6266994
20599300
22633623
26351142
82513990
75745488
34644696
20282619
55224149
17704412
83989693
32321825
84812754
42661448
28494151
31220360
53265587
74062382
32566124
17461929
96612959
76261902
46703183
94123786
67733606
36214337
98152167
75487534
20936636
5631809
94124046
27203630
26231109
16757669
6071125
61261451
92503157
93232173
81544070
243658
10936585
65533764
32565483
95749339
60711564
13575986
79486052
66493503
87638368
12052176
83955432
84251327
40830430
83174967
30891466
8564037
19389304
29043633
84051571
92842292
87191794
78175617
72562275
65939255
47449638
78633400
27200707
92469147
71865573
8744777
45229157
82802159
26794893
30310992
31067850
87506457
43886978
10553902
53999960
31525347
75122431
90471744
68293026
15952861
73646711
99184492
24516898
45552368
80744477
61084821
38394660
67936271
91776790
63473287
86391879
91742780
42106687
13592586
36728279
66488613
22337363
81957436
1807124
1648609
12268428
32874974
89155066
8671759
95945229
43155027
92713458
71067660
33626771
61006484
39536873
59789835
12707329
16570124
5342203
45968158
77654945
96253215
66420782
21948088
59726503
52812661
13690868
54349542
66405247
2935500
20838155
41258962
84892936
75161631
42907571
49677717
60552958
32062638
58349476
56498187
27734017
51062934
80082199
13877140
64585770
19619072
26183327
29809451
36189196
84041882
75777610
66360494
80295098
42198392
88308582
92537953
95011053
54515802
99403847
13932652
9967654
72758355
55191614
94860591
47919986
50615538
97054660
8472944
35194528
7920488
17487483
62928545
58983422
50086034
29322037
76085544
69705107
55505365
5894996
58410655
39547247
81672606
24771149
72358697
76387350
65596083
17413002
71398403
72628238
16816850
85331055
82595892
89575205
93039021
29972835
37495191
96170911
27027495
98484488
31365439
34947983
68488323
46810336
46447757
18574358
28648726
22533302
88279465
84154091
80944650
46690120
76217690
15133608
23977622
48576388
91520958
42090057
65989390
62919361
14718295
82806240
766768
49830540
24897797
46322141
79803375
14909341
42493053
59347223
13393829
26374844
46811558
81882152
25701533
93259316
456510
54350259
68308970
41252327
38504350
1769972
40458800
14722040
16903580
16952774
15814780
8424538
59042831
81804171
71343899
26277479
17126763
24627019
76108019
42024561
23465512
8427746
9450254
18474917
67774969
22844083
44849762
14586528
57242587
70551295
60362196
10215450
24901554
28671166
3984129
15922256
30441138
44442929
30644296
47344718
13912055
98975429
8285608
72954887
80779600
79629507
51748718
50422715
56772878
27856737
44963628
80238390
88800835
54413882
98713308
56575805
29774317
96079422
23678685
39533257
19147069
84040881
49748707
44048623
65228399
53732836
59970879
48185889
50692118
43131527
95530607
64604173
42106956
3816215
90075412
75402908
35962074
41824130
78341976
45251304
22197219
75821956
78006046
10998055
30235839
29235706
20090212
12526508
25315128
43768897
52059765
44462197
80326130
1808472
41027172
45554529
8057661
53514403
93740418
11266131
49162283
41787377
28386656
43785591
98119944
18462069
71704852
86598370
12802551
50046828
84366026
87516123
25868784
62372072
51030530
8620975
91607779
23637094
21147484
69439259
67405991
73207249
66417809
248473
27532074
7444981
45803002
35589735
13475737
92059772
46855866
62638020
86363501
27758874
6423611
84483445
46220943
30644815
23598167
11539847
80691643
7964193
51572322
59076780
22852617
55119204
20214107
14460396
78756298
41361591
36416008
46162289
67085193
2833817
46410762
94617267
62795150
44730116
82723354
76270887
89306240
82095572
91425259
75669741
9854446
50365223
12669538
8591742
81010038
36267705
20131589
61701682
96748250
24220263
73294814
19600867
79339467
93508921
86577616
58095765
87386865
22993624
56774406
54472058
25827441
55701520
49089325
88622591
52947988
31812679
17409831
42254228
13908251
8835090
17923969
23762697
59200313
83109859
84870791
40210352
71893916
57518732
54428386
68642166
81738995
27723200
40759385
13594814
73748473
27337001
71690579
61135338
2846977
80981337
15607396
28674418
36682857
17213073
69813362
89630845
1542104
87223193
84401425
67966707
48574635
54841746
91729405
7774949
37951605
29116548
501653
62361873
86635281
54930039
31004039
68374276
35169591
24279777
81969091
8918064
4133130
6176022
22569755
6980108
87157360
38177151
35654526
76356569
7906577
57984240
65987415
9448681
45207433
2905192
77415389
93782069
57746939
21661146
54073370
48214896
50777694
54575023
10576770
37412975
62021414
94097161
58303604
97191005
18376938
40272695
58625421
22510069
98965069
81195176
29490177
86122429
71888680
17661055
62478999
79795257
75645296
80982766
89243938
73369081
83887958
19175679
19667502
94151249
40836825
26257224
42366146
44130872
80832247
52942916
81543847
42853661
47040077
39847451
92561018
65417016
32636498
51186440
40443437
31601568
32381616
22449966
70240349
4270296
40111021
32719348
36581905
68272669
66218466
78342196
41641751
2622777
97517875
13825605
96774026
90871053
40082830
39140172
35001925
73431429
92083088
16545772
68801443
91639518
8909576
61362461
9572886
94062426
12548901
50016323
25663994
97446870
72466289
48420696
54233518
65093662
33656396
90815424
33366332
99874863
69157620
27524435
2497640
19191847
93866392
51788018
10062900
33949222
43444543
45064825
59897004
88043983
14126950
28698447
79683501
75552878
90060908
89256387
69615304
55126162
91789062
47795651
52573032
64255351
96216347
59322902
81865366
29872743
50138326
67748050
82263958
71812298
47788837
37277950
43520498
41655229
89065969
53583398
28120804
32510512
51164576
88017808
73070847
17807878
16716255
52754349
45877108
6777163
42010736
68008764
14419677
86316151
15804415
66992709
3087854
64537114
26315612
84953220
46926210
28970290
52701270
29190168
53298941
490107
18984471
96819439
94661689
8050440
2919189
22782493
93077304
6600117
63316653
66148151
76924347
80032908
71418852
22801455
39326423
65945941
43326572
53746101
52262092
11647339
73255162
55349946
76184454
52087126
92819519
75627016
33573769
45520789
4817184
86872710
98527249
23801655
36208501
45705290
84368447
91644042
68487783
29962103
50760512
84320788
48626607
80201211
64353696
72561811
55519019
56196471
38507752
98845591
62458924
43286196
10492930
35714087
98636143
39193736
40317565
91455662
14820752
73891334
89492803
72154289
13280396
40536404
48472296
49488897
86241694
85357096
93649292
7245829
15319199
96926156
91566617
16462158
77127367
8436665
41540322
32646386
64633137
80048074
31491977
27092061
23334271
41984908
15322500
74486766
33694996
55640066
18458780
48515749
29531400
60467935
20670038
42811797
1004340
69142334
44817046
39762386
54499430
90982690
47008216
22334982
87908846
91091185
91313492
65036214
99527851
32853814
50198952
16677340
65418241
81690930
96285753
41268864
76192190
11608254
15755630
9887186
19764672
86730762
10919287
49296072
47198697
31589325
44624221
719389
731660
41957620
40481776
7747442
32940310
87489992
30082424
73365509
31097529
73912269
90918075
30625380
6766083
41117027
47302720
72184324
75324309
43588474
13453188
51516499
7713080
81725170
13920038
27477752
68455932
24839325
29290176
68170982
56428651
73914398
68890371
9676663
68388370
9372147
69940457
53845032
49378491
52539234
27210541
80476021
26451503
18128616
63617753
85733938
11761996
63436826
57918263
87086305
59541652
23887803
91119157
67254732
58129326
5039195
47248836
26585258
29878520
76539012
47272592
38823523
2969762
16162964
1016538
71358132
78051463
23473348
25203165
79946307
76012582
4930058
60422328
54980437
75575027
76556433
40714375
87337023
39993259
51148990
74423328
99534911
27553146
65542485
19305995
85682472
23098032
66554831
64784082
5492905
95610196
12056675
44316428
98579958
28219639
97849319
22454443
58787454
21322667
173960
38733761
49851601
57620370
51672441
4832038
33195397
28228875
45546413
20532420
20738486
49211756
47472101
20273398
76764902
65530938
92095745
62447374
41145323
11166929
27231456
46638228
6777125
39288131
43471008
57873435
20024122
93836679
32844230
78811577
15159346
33018190
70061690
65010947
43154913
21734132
22359337
76350310
49963007
67905751
49399083
70701493
17117507
49387536
43491243
93882409
67434826
35586989
8846135
8580149
46753918
36077591
55218377
6047395
75365723
51205738
63920830
47906197
45042417
49281413
26717774
12718116
34815955
96779465
30245415
77970868
71029949
52604753
54321179
20992956
73026856
56236614
44210801
42660715
5624150
40218397
89059476
73058976
28321738
97905611
81639126
27592008
33983202
89373855
33639403
61865277
40579593
50076585
9771475
85622011
99357998
89005601
98340127
86690306
38301418
28585542
64661174
9331367
33706647
18982353
30324323
6733503
75218967
27051477
49394218
33359469
19786226
38453694
6418446
48107964
36359305
40573924
75699972
22858860
29947779
61855727
84724137
23043725
64448664
47011964
8665736
16323015
36017566
59522215
3013321
74318984
40624109
67674495
83650352
74330757
39173201
66491027
81064260
66908520
46058856
82974831
267990
65845082
21428525
59202788
13953046
10304183
99776712
42169370
33163043
29724491
56541449
70403532
52768216
73506466
17415497
13950304
89829481
53433063
25988871
45359154
80268399
66612981
65550001
63918751
93460090
4723202
82926131
27040702
24148075
28984987
10015533
24416065
94830070
83960411
36135205
61299468
46780946
35911917
55985191
79943989
18152760
65042992
2863873
23437329
38549458
20279370
37387633
80895291
26228785
15892857
78770797
59013537
35022190
44320799
22932288
28482280
1560353
58374771
8039334
25708428
87359759
70571220
2640845
34706181
7047983
38776050
48522001
53828929
27204319
4507192
86289270
45357080
22066537
89153143
68794409
13132347
61948866
58698394
94027639
40694003
27107603
25314788
99707540
62129793
69635587
75156181
43128425
71195941
33530952
3684112
49420721
73407063
74255332
52061567
8113244
81303315
43353969
56635246
35132244
70558289
13658790
21421514
68431721
35725327
63091009
37226130
48857675
25039875
48440876
95401666
18250231
75548480
20716454
17957771
90194625
90352042
45630304
85839403
14064335
79161257
89523515
63485056
5084672
63778847
68062975
13197917
97598514
11416945
69833163
32730758
34491586
83491953
6668624
2923307
19217281
69759633
92665789
20591308
47315861
93623017
15992974
65566092
21687849
36709428
36040215
11882475
79577822
34186872
50238230
93642157
65864481
39761745
9643566
70949153
3540592
77706541
84147070
53655458
41639838
6496585
86386216
76131424
89988539
45571192
31571083
61722172
67847177
24236872
34829832
15163038
70376242
50822806
33245482
92064091
40048586
21802050
56462918
19626409
55988922
6701148
65784918
74369755
98979245
75428484
45318908
55036189
5651378
29465979
8691647
47291216
35962564
47594215
75938993
78467455
93165407
7510076
92705979
61012585
84263301
27535811
28691975
7155895
30874969
14453810
99219986
70923556
88772212
8199257
43066317
97277486
67416757
8851235
71647241
66396003
36796072
16966149
21432192
42447450
98948480
30123840
42255018
87427397
77718055
18194011
18411204
23399815
78220440
11117184
84412400
15000093
91169347
65620727
22155988
22044317
80074537
21375974
92967873
21363101
82091583
36034190
18640587
49508341
97401777
90287828
68420696
86714201
59770330
89852888
81678003
58718810
72493080
23933022
98662559
50211136
94643385
17073764
26127303
25380177
80707300
63056055
40380270
71876647
28676782
62536258
93920964
61267672
36428585
86888837
82630773
18520168
75439379
1271361
20544861
25357509
91559189
88965557
12071710
51329519
78818446
46266066
62564682
3827878
70199088
61227241
6555366
17358825
30817357
32682669
42739003
11524657
95738724
35635625
83401305
24415507
98171884
77322269
38199531
34600469
16727459
20830304
5636989
44683190
22101665
26181851
22557051
66177207
15147408
34628762
70023078
46482206
80894828
32587760
50310085
3610268
46331354
56865451
73485445
77148711
89548121
68740800
88673369
85286845
4376426
24591026
62218704
55064662
1913295
418235
89665131
71157106
21248540
95302120
68356649
95866557
74000323
90913700
14560116
89147732
78058814
84583195
88146290
58953642
69687307
38456375
15080262
68535013
47838179
41082060
98200077
37386300
9822860
86873446
75189497
66715638
63980824
89924554
21780300
18410471
90342789
11445431
89567578
64107681
59263904
10440579
12490591
33264227
1354279
27050707
74928311
79413094
64150254
63074602
90883088
86353914
54047329
58479703
7405279
1885508
99561763
5605356
91788160
61900975
44995154
19494010
28616614
8975978
9418564
50396914
27386450
99761353
14358698
69470380
16385387
26138954
79910959
28875978
11919533
81265238
8443037
86847845
13194684
25109644
2438799
4077773
11463558
56486128
15073828
18868837
10887989
14635591
76990546
2676149
29052918
21985700
22170159
57669532
30961679
31588723
60582799
58348129
83866429
74941497
27818509
251816
53596803
60245820
81644146
65516336
41511058
90087183
4880533
7222095
15196827
7319332
63816220
79176737
16321813
78890048
50561927
27209802
46041991
27552473
82402303
75094909
2054525
4572463
32764442
33016204
88677538
45863593
43880685
25060319
73321442
24215546
77828487
26918245
84461366
59472633
92434581
78488777
2076169
97315115
85710872
69789348
57150799
49527092
1482438
73472612
28417140
52044365
682414
74459131
32113190
35601070
2070392
34167715
40173533
87351186
19700272
81367423
33214779
63580957
58944095
6536221
87796504
36772582
85970818
24774222
48761568
30921752
3262999
3354089
80753219
88973871
25659789
37904018
91017315
27142227
63892983
19434455
31702944
17091749
46409938
63816134
52692819
996683
50500202
45382704
88347869
70200474
26750128
21562649
86297783
85694223
80615222
26610639
74983157
19102393
51384862
23744725
50024145
7164213
79615166
30777364
48654437
5274956
21197734
39671752
32417183
85090717
11622560
16636480
2182467
10548850
32968966
54875286
11545533
83469168
257991
99893403
6185994
79524471
73972404
92483778
17735046
7103978
19094417
45234555
26206371
70479279
21495633
28746868
77643493
1110799
12040584
78814282
6385755
33238319
18486034
91319291
70845388
30108594
7955771
25544207
93173797
93441089
80419494
4719330
76910258
33193837
57129085
35612604
65234660
31101489
28096382
35486058
90721820
47190800
80720613
16928191
70186431
2216246
98191412
346276
3327046
10231996
79160558
62229153
95986667
50162945
53548444
66832056
32787891
14020567
92376263
25961688
59978009
25312109
30681019
89404619
11022298
40326456
25017223
76256958
23944298
53113606
11743016
14666118
52820758
44979982
84110661
75523541
47196228
82302073
75869818
3039626
92534070
7546728
65268780
88520737
57709673
71333576
7869145
90497565
37870496
245409
16459253
97848505
78073870
99656624
87253124
89096169
92499433
12270347
65353127
16443731
17900305
29612496
31109849
70721063
74592478
15220510
98760957
74305058
50038936
74630775
77344685
95089358
82177503
42613465
36126447
92403529
13947041
43995593
82901094
51817537
96757354
51876699
2182394
74831224
4049676
89435518
16443745
96549109
54222218
34313225
65509192
72122523
63925721
96619041
95359939
91034551
64355903
94120896
65339609
66911191
21268023
42684294
62000549
55961878
37814111
98126997
881759
51761153
42122590
83782853
56095042
91396296
88175905
10793789
18743872
44741933
229307
35187618
93807394
6967877
69500843
59316586
31606753
85942916
8451979
26966692
76977467
72807882
73603940
94833428
39719074
47388315
37517723
54235975
55866545
75331834
52362972
56748305
79609339
47001914
93047510
88220734
38398210
81223415
99014523
9658435
78481700
51760182
44846053
72289094
58728060
14346896
84122032
90334813
289812
92574011
69817857
29783631
65381894
95938149
24617059
57617320
95842816
14651134
11853295
51709361
42499321
16732620
8457666
74625012
16250886
1505177
62845746
7165449
35244944
14376621
16823884
13726645
18653156
61669937
38532091
77381216
28533185
22654124
20232381
81339349
67744487
42566590
11122980
33126381
91021091
88256391
43260053
86863907
2907526
7629701
38573268
45406847
76878673
99547287
72548211
93129559
1052464
87910310
295008
88813760
2286931
69635244
55056757
20940087
83821533
93588849
50837655
12354718
68759325
23586388
93694067
36503812
66152978
57333399
22146546
57174069
45589791
17922951
96554328
1013669
78069004
35127597
98936868
54947677
34674884
71485079
593589
88243700
59395389
53404949
77057460
14198673
23040194
32114218
87655112
6861727
78219419
91009120
19216446
99495096
14595508
65426865
88515260
33264839
75276617
10661806
42955260
20866408
81101110
39509589
74396429
59170114
27153538
73333297
14117792
14344774
97334728
14711381
2588474
56730118
68116330
32162286
23445143
43672876
16792856
11100255
50534604
47528627
54625727
22267402
99540075
69221236
40210619
88055336
55002427
15487236
51233494
97957687
36353644
32334604
37467276
10750073
91504719
17137166
36599722
58138863
31481940
33934451
25366596
86586766
43180921
45999278
71265405
66626064
89672155
88058261
30242671
92723111
88103241
84868399
14990513
87643316
6605987
55201132
28215004
61608414
23204721
79448499
59566101
59558365
64299455
49549730
22824791
8320526
66686896
11940865
66459389
98168837
45875316
44342337
84755603
41572589
90341616
56021008
60715005
32530123
96595622
90957677
77769586
37215215
28342428
45276451
77374883
34948415
477583
5589888
96556829
76198656
37554739
8639282
35757022
1854194
58189012
11098165
10174721
24875909
75555382
29150462
23044746
73947051
73492800
60316701
15519640
16350768
68854062
76234646
1397243
17966036
19708675
79166829
7697603
48051103
24443280
85072486
82999518
77437215
43178726
32072699
53635872
80733465
40711981
41909246
82587660
98900994
5523763
92762381
76293255
81079145
21912843
51854353
55026196
47921995
12171054
23062189
64272763
33541468
99296835
18186358
4023856
19005510
97353187
11721459
19572965
21796467
96793946
2572483
99233683
39972672
87161534
5385907
20706138
27873515
47295153
55810150
26774509
52818916
1088883
3067764
33898061
75518078
7438469
41440610
23440074
19609524
64502799
40229189
5667344
63799634
58415548
9691201
35321496
55768735
21412660
54894461
30081555
70722958
9983296
81831590
10695631
97144830
87217497
83918121
77534697
34512650
92244623
56825559
39847918
93333506
12409675
26262331
68851584
19848145
67702941
44808010
39457669
32205740
85037200
97641365
48521726
95969100
7332566
36359574
51737835
28745227
43770387
34335742
51984537
53753683
16167332
62680168
3414865
3384829
99114641
80949563
90413831
91359264
37775122
30261749
84692770
2701149
56524081
6060707
22549294
24227022
50868717
14523315
8949115
35905917
12164681
9987193
31875017
19497247
46346768
36129205
758826
90117155
70464947
52743364
96387191
39148632
67939884
99802056
42533461
19570878
33267971
85463645
10930142
23559445
15725394
48139265
26260595
24765827
54199972
48809889
1509202
5068689
63333205
10458317
93490959
75497886
20445510
77882328
47511485
19308630
66527885
786664
9425786
89509185
6046380
5812977
28657817
73986264
58131385
23707630
93557142
43915709
9171275
57003637
67475154
77413022
5142902
46252101
2178849
11859226
95061991
3688051
69444267
10911548
66662720
62935226
38925786
39624583
93333907
86437271
58933213
59861792
39740287
20875351
1887329
45786667
79204680
30545146
19772932
37336066
54252777
65846426
33768127
15940404
22850063
1243281
93353426
80509317
11735
48048628
92368543
47590078
4253031
61812811
58501626
23432104
77264389
97427412
63056687
70598296
36381035
74506252
82976441
28637675
95381604
84863770
74424342
74586284
15408917
94197274
64438702
22178046
12560053
98206829
38118450
35410116
51966463
83988229
68435786
51978198
32036857
60804329
99568276
36289888
22617140
10586254
59721992
99881530
60530018
75295031
22996178
49427405
49801284
5972619
78065080
97699240
43352742
52489423
24801876
58761659
99203049
41756931
33456057
11763102
39963760
24090859
99689571
44446575
8079088
68125357
96424773
40115945
81446038
48509401
28922186
56579531
59095655
41160530
8977413
19625673
16455562
31973591
69053079
18773198
90462563
47118159
68988790
33815305
99607582
93790666
45093316
51326984
35547597
78549373
63090086
28027710
55156584
15296009
72474285
63235673
35937718
21415411
55867970
17383757
69924812
37306508
73963288
29020468
78467039
82940701
1162493
47438953
67430644
22731924
66212151
10409559
69850084
87717293
44224864
21974018
81507959
41834532
73301002
69571909
72900257
88907441
97599619
28056842
56719802
22590256
91292515
92657521
44005667
99676837
62557630
66446832
36983346
36520918
47983652
15450385
71977971
49146145
15405690
91924967
71878070
81617841
2334527
94244506
21851486
99075743
68734876
3359445
40910276
42035879
25447706
66326885
83459672
75563677
94383727
40179474
50670286
38192594
85353347
94675953
37869432
47910977
13639137
27369130
36948247
61622789
42819515
61442570
63285287
58225205
53367538
87679709
92359398
8218417
81924215
14210884
59810512
50659091
70086681
53237140
45211322
48050740
19564026
81187346
23614417
66464105
21366821
26801055
4656700
6720168
21477009
95042484
7147498
87632498
22411614
44095745
49255288
17747481
5538316
65056927
28489038
11422206
52736636
73364788
72156975
87177203
40092024
31967487
90352646
62695057
85204628
35563969
10745797
4768654
69267667
86876567
23749111
90634488
13677622
28405811
49871009
87670983
75964647
57018507
75303482
50892613
53630604
77075122
68640094
59168920
94648401
49645484
23107478
47385037
23010272
95264453
87078592
63102296
27231941
77431238
25797354
64952921
65511559
36543151
22237927
34779227
75936070
45987038
77930067
89613693
26909202
80317428
29801028
2873849
37335935
5104510
6282815
43482892
34695984
74922909
55168164
29344385
77084746
78275643
29245774
95018
26056448
16324366
63197315
5804741
46271957
41511021
70757662
64299868
30570524
45511941
99079095
6506595
91498980
29525515
48636640
18408182
9842943
78437668
73798383
99695231
36058531
80081198
43178123
23270867
7520460
50862639
52615253
84605206
29138282
81861027
84700224
55194731
50701746
413891
13515824
96973703
94441264
84273487
13789923
25011789
29785428
65385371
84034736
73800760
94910886
32671376
92208942
57270181
63625396
18523678
9481764
52200279
98604876
5176239
75471147
6125336
56038879
80602752
43246894
85177161
14980131
27947119
92888244
65681877
80877362
6404069
15171932
75318627
43193908
28961856
52846768
25495688
94347227
36881504
99296449
41774465
22069232
44021743
99044646
38210980
15061773
8526411
90411260
13666650
13702650
18398759
72308338
69741529
99001511
15555233
7435043
66497994
96018704
52839639
84696224
29412418
11760060
99868156
57247397
54953968
81346364
10094165
32966009
28209943
46975669
32262458
22500760
69044901
28800553
74061759
59772234
43862327
35104522
2699846
10045329
1323524
21098605
34870019
71065054
72616468
2941604
31016449
39114462
51476660
36372440
23810686
80889079
48132501
76195195
38136476
3086469
10057911
48230642
88568830
90784207
47722663
73347640
13284967
69283917
2148194
39863078
29056151
98526873
74967600
31755997
8572202
76291125
52854602
95958573
99872531
77987422
98900178
30888980
69618236
50376838
67261420
93428923
31265917
15393921
22140470
21918746
70996743
84714733
22665740
12081925
75498940
70388403
85429566
41300260
39672320
40094112
81163338
21244823
38620985
56130939
53000820
99709539
84938416
58371774
95668112
84810947
36359196
94568290
15699927
58493785
97461481
35477699
4439060
81243750
3387973
26579530
3162496
26901068
63810615
25828236
38982993
39309556
48732992
76928911
33126168
40921664
17023023
66805858
62166488
55644008
75453149
15167308
7869899
60391565
26055435
56054364
45202512
14930983
50622654
13418791
73424768
600487
1412843
77863828
81844238
4800816
56959710
85006734
84218236
20770326
63351323
75717581
12596234
12084315
52646493
45722402
53005979
69669516
12528260
15172467
77829877
40497762
82856128
85699776
889327
8911563
41754140
46091840
76358898
44893147
59510631
49783667
45493634
60923474
27647495
79854224
18240642
37123558
64860959
54975230
57893884
80728634
30692812
70490118
92812949
35855657
68728872
98335280
5525173
33773484
66024100
35871402
74271246
1396580
74087531
75160574
62824495
68358023
73768766
39183393
65767522
33279397
88967060
11261157
46719224
69130908
91115381
17476218
6254466
8492692
72451449
16664702
89221326
55660613
39671172
34550627
91516270
8400044
85402260
49557795
42173528
51426360
37945550
68961127
52822940
12033081
96638053
68163787
80391104
70406819
7347180
46158627
56202568
48830593
9936136
55438144
70477853
53567869
72914363
29248671
14576914
97882164
45913373
56314592
6059129
85584545
90865220
50091751
46500941
76267480
52165898
41190821
80210192
90111448
10151948
85549484
2144529
6790001
53713271
35051986
29713172
13576803
33726965
85915741
62407396
96179453
41353885
32885249
2263674
66784600
14650272
16840588
64666764
60563645
73155181
70725893
98664542
16536753
73333996
45165483
45320585
25499895
38872657
25530777
15611343
49024605
11080261
70272225
8330959
17309884
57840563
38044131
30886687
91567528
76476224
45810436
40263333
17830110
31212037
42527007
84614710
45862310
59367596
1797827
58942307
85039129
25040072
10123202
54092234
98374069
7805037
99412819
23873964
46677694
77459948
39485307
48218652
41056561
9757532
56549611
58366445
67598095
47110094
41769484
11681975
23586319
87579920
51945308
41416429
18791958
46988668
78547491
17170620
6356264
80345318
76112927
43911745
5385391
86236129
98003979
56275812
94041167
49933150
80149776
40718861
27393098
19635083
41453865
68449659
81908968
98003476
26816104
2023415
97629923
21101940
66221743
21216242
8681861
70683403
15149023
27473819
17672071
46212866
44644439
76544687
26558185
73273718
20456432
84459928
59509848
70976763
40735740
6067367
20909913
73401868
99302580
819363
45553303
40756446
69269022
27462271
91276274
48601478
82002039
88906197
69703419
48223782
10122439
30901632
71423537
77787814
58375451
89095609
24000681
55536242
65640296
3075218
81326312
38613081
40051498
93352512
9589844
33303590
99419879
83016110
6705458
51238812
36351825
4775113
44511610
5620848
32237385
35787884
6738678
66755776
24694082
28958449
67495910
87332873
59860081
38919447
17637040
70751884
28015056
94154073
78804478
93655353
97229291
60130791
84784786
89797141
53483303
46890982
23100731
5419535
82423444
82322541
56658347
18775270
87097654
1169957
76912470
71851391
89474193
83651148
91123519
14168275
12609598
58619429
54017501
72469679
97538877
24170893
95737916
78070285
18324966
74542394
24241990
15554257
34673185
9026776
57867750
88156489
55917759
33484833
46092376
38341203
68323726
2750723
57116473
7937732
56437032
34028943
79789124
45911225
70196444
70912643
12595853
35322394
82048425
19129706
60308425
32103654
43300599
56046341
10173939
61625565
30588736
34415930
29696174
65261921
95959058
87563924
5934762
4393169
73565109
52027138
42734373
41888835
7294213
52367198
49826567
63731245
38912494
82132043
62158823
61625290
53044687
27271028
96947684
87609464
46400734
57256109
19713118
42217685
13302451
29887057
56359602
43891187
16819339
86055776
61669460
12778398
26136052
67604223
69687919
99701161
19631361
12422292
94106348
26925575
17305843
43932915
43173172
8734689
26064959
57848347
70359979
31625998
85119375
19824015
19235462
84036461
77080124
91464932
26254146
42898927
21351989
82613748
39306466
90687681
21185876
975927
55982431
99838280
68580150
25670350
52055793
40727863
90608995
46162141
20169790
60431190
42611409
15859315
69165879
68676368
73707662
92042210
52818718
11343390
11866225
72054180
95379851
41462701
63519112
21633998
36877981
37387453
56764098
76184447
80591486
30466327
77160374
36573917
30304607
98256876
14760620
82360401
91501092
5369615
81038894
11670882
65800805
23650303
80046549
87483036
44843023
53754212
32041598
97661741
65097602
96424175
22232273
12993805
90403228
38267737
34627803
27281209
75655191
43908254
3465657
56246677
74374581
33142383
45336947
57195540
31399260
60097567
92072293
22900352
17983534
25627540
87087586
36300691
49277843
67134136
23783727
94120867
73404700
55825325
44298960
91018654
4765852
66531234
4012459
95169080
4798971
91156615
22450290
32970514
87581221
78432299
41733544
14472154
11574682
87070491
71667694
42973942
99684410
16256340
18390646
17667944
41883880
57994585
53968635
43678075
77645073
30268714
37798942
51049773
38610391
34614255
42068427
43376243
1145489
98597238
38545323
5944460
89753853
13511965
91431327
29851426
91944264
33164871
44323580
3518947
20235362
15991275
99009241
19919772
84763967
69916240
90104068
26647847
27910825
44072703
70325922
5555898
26857769
60641217
9122023
65468160
95255472
3706802
61360755
48917313
2304040
99906078
7378125
44574246
65934396
98809452
74425672
57878660
31974323
18749253
61397607
4726037
87256880
12923201
77162161
72020847
82839441
67266229
51185046
10750266
63855284
74027320
68822516
90713053
87184889
77944539
8697565
34956713
81651341
70058320
83874026
83955381
22480751
43768504
81045979
88415147
42577956
55471652
46293807
27068632
26737257
60207767
31794669
66510489
73130968
8956831
38531336
55970409
76223060
42232734
19237027
92594697
16260054
88059543
83307750
3444944
66004082
44521668
38401657
47655423
14579988
74792036
84127156
89577091
18560540
65173136
77992238
61138496
73161140
76802398
88207128
99898397
37010165
72518150
18925238
10141133
81474981
9972926
18627894
10214393
52205660
37864921
2809090
20982066
25924464
38633193
24427010
44444898
83154861
15345020
92100321
50251201
42653408
28743829
39828293
61213948
93916965
17820531
74868796
19594457
94622929
15592277
72009206
84149446
88110427
90934444
46806931
22101760
907370
65434825
32316153
53113030
55816098
35125244
26611449
34256914
26274789
3554811
78701812
9429650
18899831
23318485
12197203
61553239
52062315
52025496
75283539
98495632
22362380
50152336
70606442
69501661
65744613
42615648
53651108
6371392
33550093
52974391
28473152
86973815
18409217
60789305
92603198
26741667
48430901
19214647
13514934
74705690
22769458
92216746
36651692
94185642
68051584
48848896
8255233
72630251
53390744
83538773
23642235
75753124
33691109
94248677
45254786
51952074
36864326
51422246
58323466
22930771
56912989
86796618
9904586
27838558
47585923
55024136
54580226
48533177
74238783
68095160
23238867
49524594
12828258
12406912
43710236
80879842
61255808
51965469
6026445
14646552
35504242
29668681
42916029
21711703
23917358
40687167
73663777
13298036
44625765
84503595
36228807
1538754
71300213
98649746
29377313
71402489
53673882
83957539
19935666
80429018
4569051
95690885
29953612
17397309
60614149
26180200
50793504
21869957
78145669
56819949
89032862
66166264
86488630
31948891
40394319
62922341
25152410
66574449
76220377
69778175
51078044
64965537
71316929
74894610
16131635
694242
46297099
22321869
37168133
18749117
2750887
41737184
66956354
85220851
11650846
27570504
11401051
62444350
1956813
42063073
71780651
90989675
8229337
10785634
75454918
48623656
73707975
607328
15198105
2444704
70385503
18792502
67410241
94218785
93687112
83541876
94913027
39984211
58380098
84597513
11249680
61130985
26334697
30722386
98868189
90501895
58292890
10269240
52946245
12766056
52332313
24726897
56272083
13078002
35512531
31727002
61701659
61736858
84850682
29416116
64181562
7752538
48208618
31591804
1971323
41895730
67650032
49400702
34396293
78546482
33998215
98162325
39677468
12849265
81401064
38545657
3351160
92210306
1331249
56297406
4976362
6179915
33540655
61248446
19257917
21569538
45491800
80959576
83306396
30342482
62892045
4310
38095020
63617015
84112466
40066343
58029098
4278851
89467046
44941743
82825333
23465261
95620421
22502801
88830878
77021485
13564810
92182039
69231791
67412412
995797
74208154
73592327
34536452
35456600
92850244
8622342
80948400
26326173
44445090
63807234
41734570
44449400
1902255
5351585
28561867
94484950
63380683
32840718
83951996
60838779
15666051
59933610
56459200
90685205
48764488
33480685
56766367
93462879
2712476
24178779
94458676
29436982
50287458
28995128
17409934
43137703
90133822
50874686
21980228
34578912
14681921
63714798
79028313
16584176
21582735
7590180
63585478
37479771
40430898
47537475
98318550
8613301
59987437
54777750
99298506
61268277
40774787
8581226
54731157
96003615
32760005
49189833
25440598
35563816
30701314
42850532
78701519
20835136
93725219
53198099
55414049
60923492
69429249
34442362
30024020
91011984
94548894
93609498
28491755
87496144
93663325
79326657
96109445
53650762
34104407
47924304
67435392
27395546
56505530
22166549
23399162
41781887
23872734
48839760
77345703
54574048
44206644
8563574
27925537
90448215
61761673
35855938
51371707
31190922
22814652
81395727
74719259
17363546
75005226
3211014
57376042
68668551
35054024
53485487
74835666
21674783
53926143
42271058
49070330
10431673
16953959
72469492
4729913
40826693
73825604
82075616
47917094
18032248
90639191
75842631
60996816
4917216
11698569
12368523
88624491
87029573
46280603
63343750
4393119
73802181
19071116
14285513
94987084
54125140
67771000
69822750
75799924
74213496
64610160
24870254
37161521
81564119
49856098
41891434
74907165
23681702
23967051
22824259
94230302
67122594
51183242
55227118
72039810
15398163
20111994
13180653
2427736
66392597
76524403
59337207
40194778
95595520
73622720
35181862
2237012
93910072
57520965
78036936
68123568
22131125
55423542
57801442
56211597
5279640
99692876
31118762
81477694
76176279
6459373
75707997
95815225
10158967
83451467
20371388
25557130
3563461
33552041
80501218
22472410
10076445
39838425
15183540
58188317
65977497
50365403
60425329
59887569
60402720
38462266
80527490
35050197
93885808
38328932
43778146
51681801
90538160
27413260
33159495
66714440
33872633
61383844
15046017
44031600
44835312
35417405
22105082
915125
68969447
2606300
23387536
31562244
94961077
38571076
89750561
60938574
41452831
50175890
20826144
54371903
41154508
53869986
89422101
87556669
92198918
85716599
39238470
82737078
13129860
72397965
1967870
99518845
33781810
17013888
43550446
78617122
4947645
18171880
32048599
73917092
20778181
7952487
57995688
68255610
99039916
47746249
29194185
40492747
50438492
2536681
47381003
44109352
56406667
89319456
31666021
1121937
75036055
70904491
83859015
88165915
43302457
38343238
87684761
77084267
7873478
83751559
8217741
12821123
1923439
92782692
39254568
75217972
735180
97250256
95989935
99775096
97512858
25184120
92784195
467702
27720801
40165198
44577054
36643820
29484654
76243076
37765757
57037062
47147567
21624772
45202977
42966376
12484362
85404090
72566995
20357840
21672001
33301088
85695316
76111793
26083781
24949884
51329765
26818961
74716492
47319700
26594057
24745702
25020172
71894604
25213404
5257325
12059803
69790459
41901145
94060809
98549887
79666902
51097871
45697454
53808027
48817201
41180183
18808741
86737643
13747178
39166582
8409645
47048267
77378250
84521438
73132048
2328134
88367555
52467361
29560978
88203608
31577770
54306681
13223780
3472374
32036437
18481106
68048529
1826896
12898603
62109339
52893135
45081858
65723562
98590590
98889885
67057115
92287125
17698626
53794759
6034303
9381560
62204404
5598922
86759810
46725842
78730970
41604296
35093397
83714683
23681627
23297005
15292453
77988308
89037138
18764828
10024745
60034596
39329709
64367994
72933199
1439048
17261129
18015057
19678963
68368071
69421294
86736078
60655196
39636273
93047189
19205852
49017833
55251593
24804774
88293996
54493787
56052097
82414644
42103537
39766780
6096271
17916894
55059234
84084579
6954032
26340414
46625677
66988628
65670123
63510023
92438180
19625524
33287504
62969589
39304487
1655576
32390884
78556917
14827124
72027157
71604107
34032976
73561342
79372052
11354103
14371690
33865840
67406200
96786335
75969377
7172980
2882606
93886271
14748566
39483538
53356656
41088980
38625567
72861636
59275456
2135590
17816168
78900980
35423094
80785758
70721819
89595022
65692994
1795088
4422147
90236503
73399195
90971475
16314197
5287600
2325578
30685888
91669792
22248130
27472223
67639169
81937463
82871181
14041792
96686029
22354719
19914800
37775010
60980286
45292789
97050466
15632228
63108957
28467798
51055323
43894715
99189617
93166697
62104061
984705
50105196
52340564
26900253
41076672
68654762
84704205
95918602
99340650
76373997
70683085
79329225
96529518
52620548
62200406
63087662
49306577
37071478
83002463
39597939
50568116
28295252
89164757
66200345
43920561
17632555
69772020
87815277
69338524
62938717
2435690
22839582
13043914
54776255
2256187
6636938
23431017
86960392
55071892
75288019
15850741
25754977
7133596
12380259
78375525
69334002
27984273
80198455
58921832
10986736
19796394
9489949
91798340
61477504
75690294
35718902
79110059
45462314
76050531
964936
60917383
78486221
76320870
73961297
85778828
78577057
33114587
61726197
18053801
88186480
89530568
86420894
13941457
96664164
98801153
44833335
18514519
26785426
25031790
77436351
90288515
97344536
39442652
34603207
58822040
15132946
22838461
90448452
13111612
51405344
91413388
74028996
82407918
20250610
506645
68186746
51344019
33621233
82429296
69397820
74324065
71959864
8335066
88265522
68624029
7136219
85615209
87138548
86437997
63163351
17091251
29242864
60507888
56533904
63846072
19329928
24183202
39200885
62294732
37294815
90606230
6224472
63840163
73014148
26475082
16863160
93717246
77819101
3000745
76146542
99733273
77324810
48106407
8068339
18106685
16730436
67720910
3721894
56385336
6675260
66885246
25992939
35918124
79909486
82526843
52280548
51755766
59226398
91481434
14050499
96521213
34604016
20274971
12877728
7618164
99266406
29740888
1335410
77085507
32741634
29998305
29335133
10066444
78104712
37403472
80689481
47351500
57640735
84411376
56253188
64315995
3812974
82246127
52750471
83722460
17289323
5031020
35478226
29032073
49028806
49528725
25553286
83632822
22320049
90947366
43767338
21586455
73204606
97619100
51188314
58462592
27617405
80523447
21045389
58238469
70443272
1734870
58106321
28084007
86146246
14359509
44916354
89959220
49121989
97666825
26198032
18927664
55214197
61676259
47959737
56759355
11204984
26029375
92908529
33525033
69493093
36675867
7627840
42697699
86811320
58816155
1160292
14428725
39339602
74722033
25183547
62299226
76456903
83289868
90383233
15119502
50165730
87815939
57595074
99287719
37999117
83793107
70731735
93213314
45469366
18691472
2489022
9190702
97237199
95397551
95232088
66730292
84589771
2859928
9427991
71401091
14192435
63104635
38346168
53532038
37826668
63529715
15831264
14283572
99335936
58730850
81919426
49501666
99063141
39514500
1305737
37062258
23307607
72037472
82791925
21293325
90728944
85280947
30484028
87966143
33194850
25716116
54696435
17784621
81092396
16640778
89185712
95284832
79745414
27531881
1333222
70088434
43577948
69680838
36888358
42913884
80928040
18807784
44931902
79991182
58322285
46237639
69569792
34146244
18275111
52361717
55439570
61520407
90159016
85923598
2002902
23353867
64156066
9215689
93654840
97764814
25856468
82840553
93049646
58118234
62888786
46899220
28206668
58983086
16580059
65095027
54413323
50024451
36419163
99345225
30015633
94741448
45582865
99585426
28887693
63857976
4463495
84327263
25378384
47138864
22767213
79897638
70492731
86923279
89113328
64147571
37204445
14969796
99504476
82770444
73088030
14909614
29669664
53811050
26409053
98766075
71422429
80822376
48790527
7841593
32683953
31322512
55099393
78266818
83424290
83987086
94641147
87887786
20830701
72535883
35026650
43597914
52433521
58035733
83037545
41546849
74699656
72758343
56516645
26720485
55528787
82121027
94146451
85198451
88448430
20555504
36480879
12387211
53894232
37787758
20228804
86578186
69110270
27844550
64845004
52534561
11831636
12002503
92938699
85178690
84538386
80481701
81292956
36971908
91033786
16846854
31035109
18249794
89605197
40068107
44970279
45133984
74705486
91633083
82848787
63153916
64704939
71846018
75541128
18599172
9633776
48286284
5177358
78744047
76130834
22538714
83794960
40478823
87057570
29250011
78173865
71595956
62248064
59466821
61084216
5798202
28830027
92119326
24047996
70951576
84703785
21534628
68601912
59409271
13167711
51450700
75079540
30389002
75813070
3137020
48988174
85446847
51423304
6681884
16707246
80070491
81736951
502206
73065666
68794521
82268569
51239531
92906829
44516633
63222704
53991046
50314835
92052732
98626724
26879183
63004308
83330509
48413811
31606221
95256132
14097874
35573273
70335672
44486877
11386343
73472692
45991403
49349542
24895997
52673288
66056788
57482840
86926591
66558994
30548506
55721112
1343915
34304389
48627941
45860548
97527093
55135339
48691735
42096177
6278415
75570919
5100486
42125276
76501082
89223059
37381409
90598957
77312684
7717081
87602186
88699027
33706126
33593589
90564922
11118475
86266877
56621710
68601315
73193468
75697057
51666173
81430932
77040972
85970562
82575226
75417873
36014007
90226917
24109608
78110185
96505333
52196879
35727023
91146961
81214314
24950082
28528370
71813271
2262766
88761804
11931809
43478145
22467930
45525398
34043067
33586405
84308628
90664778
54704072
10018448
18878187
6370245
91449381
95919159
44857159
26540959
23853384
80871166
16767876
479345
58981351
13273209
52676224
94708374
4420171
33890538
19658456
85464893
58220161
74437574
26743049
70151970
70432072
49210979
68193721
56991491
35313736
52502349
172621
90017808
62520797
19050808
48904405
6486530
14969968
93761564
33027489
38823352
74632731
49795366
39302697
33614082
15584927
44495274
80838809
72521450
30902164
53013617
10502696
41638678
27451192
37245745
64307000
50399616
86456725
32500721
7391107
74286813
37519422
7563729
16820974
40220
26614537
65725379
59043102
94100857
12003296
92070592
85440562
86636027
41865958
24743259
72766461
9967237
21754885
53605270
82488688
5173402
59135240
92991384
46812080
86586432
30237129
11119080
89502400
69210206
96136154
96893507
96013372
33655576
4457236
12834346
86212148
31071774
31076077
45255251
25172631
43079373
89842195
10613193
29715400
84224505
87872805
54998214
94191742
62144042
61119836
29196782
67317444
20255076
74704518
14129524
59357860
57458000
77764957
48860260
26668206
73901111
45753768
75197930
60073039
2727356
88032276
46285188
33799130
19108354
44056791
11488114
62187727
86415338
74617659
44419480
70639843
15006816
51934046
64831585
77150859
13053882
46544720
44468303
85825311
21249238
11114180
45183171
78707238
41395489
46559784
57891797
15296600
44829904
33089727
27885991
47557260
21122004
26687531
81356391
92746710
23260674
45360857
7450789
9676012
19978516
51870269
80315855
87501685
3804315
97663793
64652544
69374550
44208513
61637199
55199861
17974103
25267731
383032
96681342
66663220
99459168
7089491
34476172
44289072
40179218
14878516
91846333
13817574
41566047
25719076
59080636
64826722
71079933
66531426
74502734
43574801
18401695
7334942
31076486
74722363
57515087
48245382
44096913
1723600
62398934
99296774
72214055
40183017
52196158
21411749
6846238
51655327
28501240
93838762
48460751
68680459
8717278
40307084
35014385
2799678
66026160
94095022
67626400
89622445
60626448
94645486
33197247
31544495
54496780
16790085
6266858
12011867
17551820
2880123
66251819
32467106
2176897
38465875
72650123
6889408
59877624
32012713
11061087
88378865
25851476
59521838
9575676
87085106
99828923
97106413
89884784
18371435
91201435
10027536
7993881
4344235
57189375
93707480
35888731
11686155
63013917
94671941
23698023
80565737
97552065
42466194
65549195
99728962
80932069
38199319
59134722
93326046
70212032
70195809
34221263
48579860
29717648
43796939
35664967
82062923
40903352
78066103
434358
84621140
88093640
8428239
88965375
97799367
2135719
24854106
9485522
65149637
19526048
85699897
98231726
69594465
80682444
63780922
69323427
61614513
54496593
80974502
7456911
24708625
51170311
41678174
25804838
33404311
85475113
13986157
15467234
78894818
44568612
15901593
16032310
85178604
76846184
4997685
82977971
31498256
82368144
44979846
96647893
54410544
30679743
47395971
24005009
63878539
63693245
45844788
25493053
18189838
26819290
32949964
95414816
30505954
27144491
21219654
63910265
12619604
87722163
79377500
44030774
32290775
47795445
60063084
17469380
24641629
17577122
447351
56139885
99945266
45427197
5304130
6872162
28623293
5216454
30877171
92501832
68909699
29238311
70511237
87099538
56057602
55977554
35030706
39079908
83122045
8766712
2990173
48258001
96488875
34884025
44805128
81296002
82679470
57384564
98765382
7321100
74961686
51729086
15977337
27423304
49672635
21281468
34295466
30812280
26497922
17688989
75830465
47923973
46927301
98858054
87539863
55501255
54835608
22570569
94581163
90474005
31337281
50087688
91248359
80342508
84971714
88569839
14154863
67651184
45954403
12920245
27488636
20916090
17165683
43465974
855746
19354671
17263794
35151213
50166951
96278068
5356554
78513768
96718393
52283855
77371823
84258257
60301462
84723783
59345178
7398977
27714141
43198812
57486666
18962500
23541320
42458380
7532339
37696183
62625916
6003094
3132781
42630905
26919184
72814816
86096879
27774931
92169487
55877025
15442496
94852791
4671445
20799050
73366559
1389838
25599258
50738382
85648095
38417072
35462166
44993274
45816050
63176307
88192086
55819068
34655159
64249758
50793800
94703850
54462294
13419716
706944
10111427
8566973
80142481
82926243
94663852
60433764
75095731
3057229
28392612
69948522
7728674
49191662
43315081
9118513
27307272
46569816
94766608
65724345
34548334
92276234
64056747
50240993
32984672
19875815
84896152
97234431
70669615
32116354
4213077
36605683
32823298
14324504
45172657
65482131
97250747
92352861
25915895
24862830
95410091
6824859
47327704
55655117
56016522
43159138
64773630
35840146
89728954
12056591
54080843
76793640
56849177
18137590
27034633
89833850
38013405
64447137
39584633
61199372
96563491
43797710
50321408
81903141
10638566
48010417
99901625
60405665
92879630
78333872
85268496
40806073
85158732
32596200
96461191
93691606
28271690
13751173
29531752
70516996
25807764
83612596
47310636
35173294
1750186
74345269
25007144
92279944
38792406
17108129
5995668
87872249
60905839
8833428
22291743
71544405
56843845
22193368
31950070
2239828
53043592
69734918
43045901
38202324
54847471
39507092
31893930
83119161
5774618
61425683
53636158
84098734
97554631
946794
19272028
99304817
27808416
44279172
44101113
19117174
13903653
2613134
59505776
74809492
11446562
34313871
98870249
20806760
9023591
83336672
23046588
62067183
5587942
66092489
269508
60435413
58115934
32163438
96070927
16406904
46105473
2223437
505638
43660104
55686583
19777667
95481274
36011351
16573191
92098739
55128526
30476845
94711873
67150654
57802689
6158436
1464525
9189291
26965196
10488116
92525963
2528136
72555299
50630257
21136977
72824807
63582023
79252911
57504598
59652950
95659815
3610071
14392739
48681806
99786528
70079322
68459473
47784154
58607026
37549016
39882893
13735552
68025861
34594767
80886206
78344903
40753203
82350731
87534194
20234751
92838847
32576509
75279239
17910498
83206766
96416216
90735306
46788789
28185480
756256
58958091
76361647
56882679
25867182
25043453
56669207
48462857
46019278
4453361
7069883
83568295
44336255
73321787
4110508
31447374
54207993
82455411
24716929
89075076
69989605
44951680
34430275
55082466
72747271
52340773
38289233
69163487
95592431
37594374
49865319
96348687
49068818
26226967
53231367
27452352
3786772
9900574
75915209
49806051
66870288
82985092
85890698
63722895
56306879
90001206
95170269
63031224
72456618
19887198
4622652
94962575
17355230
39052927
50045042
90102501
91393701
40850627
11782340
39502484
30961353
61647660
35851172
32546523
40390979
89082539
59998876
44177751
51499465
35914085
46500154
70886105
71415530
32390852
34609000
80238761
22392059
29779269
95786338
47365029
49666467
408990
94843956
19538049
39461918
97405350
9640550
83371971
38255977
21422891
22874455
21733683
35586903
11241979
54280206
75977882
52840870
14279082
20155633
56856688
2709520
66655788
27742793
26641402
51562992
14868146
6880163
73955051
97163767
2666501
73836432
46830235
55591844
68680389
18884636
95053762
66085739
28525187
30942085
56858069
2464430
6332892
78591752
38051333
17574872
85388310
14029215
22932094
52183745
86701200
79788782
7409617
5873340
60047928
34051019
57436333
74916074
93447534
83907736
72079841
48630388
57744169
71426428
4222232
78940910
90311065
51792346
97543001
71352604
82734431
54401070
73817034
41583675
85509174
64384719
59158547
70897485
78413934
34606994
75597582
17631486
14395776
83007199
23504827
74443704
17058218
33457512
1876130
63022104
69881600
73955972
11652492
27625769
97898752
68391076
59083031
88209817
20183422
56626033
59562421
55434205
63543455
85895807
97017881
49052630
50280526
8692780
72466467
81210812
43299774
48064049
98842299
57695551
83587600
74863478
84655607
645818
60837342
86531738
16184274
30718942
13004062
27836767
10861064
10902814
96227843
69944095
51628984
16411266
79086480
63707757
24361823
42629936
49603565
21379704
44198918
52400443
30072485
16665385
33611256
25888611
17245786
84969907
36100514
833386
12349737
20756122
53995556
73187079
59804212
70179830
3906021
72808274
50532949
67283437
36227440
46760793
89743885
87856424
15688411
68830365
51564182
92566586
63976653
53684099
13946291
8175571
6084542
96535128
77357308
39695798
22423739
47119446
77182057
58524254
469184
89531794
31796728
6981092
62718873
91600940
77160923
19141247
16925566
80210224
38941036
53153006
26971017
28684921
41009431
95175780
50031639
45089965
87742367
14008292
98774064
54205010
74700216
4858606
3256490
4573876
97070757
25680229
4209675
26769166
36720835
4678859
16300961
21033915
11659952
31536186
12634855
41337227
3193785
82076773
21547451
42134822
35229780
1034821
70819743
28755563
48726953
73367734
73845528
88985672
39892379
72619592
95707034
14592595
29994550
98963524
71682823
79581659
77160106
75892498
6350826
13880941
33087710
22651787
34914857
97264014
6704325
66064
38601241
9898111
82142838
12665044
52032933
17372618
13699865
75369028
98644533
14943171
48736763
72490061
3928843
41145494
97626005
99635878
55738089
80136907
98599402
79937264
59718567
28275860
8346115
18585745
42156802
93950177
93753884
29588011
91214191
458209
29654075
82331784
62872672
64313265
94996828
14905605
34202235
61213046
42790986
32846768
76156217
44044101
5336829
32601412
85189595
55479186
84753642
93444036
35616094
35869397
25897652
47851013
64145257
34243767
66436758
6302059
28193944
60190642
88406422
19408135
13165203
18060498
54256271
76037876
34890115
49253100
43459833
69092351
10466146
86250819
1939119
39138715
82811272
59792301
24256479
68000867
15271487
9010122
13961255
3403933
44879519
39858908
51254946
9024776
74102675
17691704
67843188
54812972
30398698
56249610
26737459
96080254
26826460
80993731
72118130
61716576
30246831
15577963
30808927
93229329
54345135
85264398
84884396
37156407
45056699
9140875
57673627
60328187
18150997
71634882
63732120
15546868
11493790
14987067
77087997
38112818
85195123
44931185
92925790
68110174
53697147
19663249
64190428
33039960
53173332
88824910
47272888
35936515
56919225
78081815
81682196
11264360
15862565
66566592
937120
60919265
28223820
58610747
21247452
46374817
82761981
37495924
14438038
46772124
4999343
91526035
84884942
42710819
36457220
30327084
10820993
42670719
2506685
27527773
75710679
55680018
16352683
22983567
91616533
73271908
53581734
73298730
37052621
69444300
39865322
37989741
30363565
20605494
49116840
4127369
19496664
84395173
41623293
33934702
31167297
99138989
25460737
68568591
41849808
14434309
98895675
52670801
9621380
1402361
32714926
85332060
57082379
49067609
60831979
1215264
74855869
14413714
74513994
11908490
36374366
66895669
2414583
19254283
87501163
4047775
23381652
6997827
88442949
17521297
93448881
72126598
16660286
18909618
40695190
58510094
85860279
39590865
63697247
95481660
93509578
96412173
80813720
50591957
45479782
94162051
51807222
72852004
8575765
78837568
84760494
97466483
45733237
39691430
16720766
85750753
43739205
92618770
45264932
84698506
10140068
38713814
56825105
79316706
10139784
97520295
37826801
96000064
89627512
54040400
91481724
83137091
50452574
24811796
86245400
48448708
18973847
90568974
21300712
80065965
69406543
58577559
77532448
67656132
50785341
46769567
5923237
47040898
39388337
51188170
31739405
2044757
89901984
88564510
81361464
41768
38601157
71704617
48558184
28228669
25745017
40039908
63882112
28713943
17368056
50127513
77162652
88858256
40696487
50979716
68924221
10103030
62073627
98973021
30275515
65375320
45742588
36198752
12416219
37647278
87386922
44155624
39692035
29805258
85236486
21053499
29847027
23837643
92758116
78405211
4582664
71019486
70961472
68464777
99733429
88329528
18592290
29412433
29704136
59288777
32908502
98628357
21908160
47498481
50117731
52183675
12873802
48376671
88382427
25290021
86023949
75769350
21961997
25715985
58090960
7198483
99285836
87937987
31036126
44560305
18859551
35618790
15579791
42337375
56599919
15313220
83183255
75192209
97242006
12887392
86997339
30150508
64032101
8905499
77648989
14149832
61089174
90522791
15042856
1987953
68329164
1066805
30273655
90291161
79299142
88364616
97489644
31101331
28818955
81042122
75661636
47678506
69177265
91241427
42532233
25777184
59070999
25715489
53485746
8829357
38602881
40483085
38979865
2634982
49388584
69145207
69301167
62994110
59667998
84344023
17498415
80513515
37927180
47772071
70804676
69742675
88653039
20810673
844006
17471994
1852795
76505642
17666853
23546412
20263421
60199086
1839949
31850772
38430927
55325695
40680130
77033808
95808780
32176347
32185143
97713716
1321554
1486310
13224178
13505905
38346685
30722593
94019420
76273865
31011016
17340448
98532892
72180407
38151121
99376898
42168754
92520269
28398892
59835607
16066681
1178665
72551045
17906630
33029438
10981973
73232325
26225920
88015781
21557457
10918619
72717276
19271173
12240174
26719938
85011703
78262431
65066623
68250649
24798203
93856841
51778017
42138651
92389733
23958425
80289773
91766632
66127179
72810042
72681876
78479138
88876723
73860542
51030183
59299706
59406332
14528508
32532031
38148604
55060642
6605841
49067223
27777918
25877014
13823749
54497857
63405070
44602532
19564480
31655719
69400735
65937673
35950088
11539387
58327407
12424865
91829160
2610391
78552044
17155554
75292267
9547534
6032277
1669161
60577718
17848335
13591845
75106226
50380367
51740449
82683220
56986208
53324025
10461139
35379574
67147774
64958996
51300996
64266659
37039828
35473067
33667394
55493854
71423156
45206781
13821261
83848021
89552293
68948004
14916418
6707847
96756623
24463952
65256477
98425785
37558022
83104812
12017630
65180601
33485179
16274432
47863821
42987739
69598457
58324960
30883666
89262583
75800308
82184662
53529242
65356489
17657730
87196637
20850343
89080886
84919770
87187956
25445259
74472064
8652312
40361677
81179911
5408935
64825630
46436388
56351072
54900004
29541201
20885055
20080605
15542732
37159487
67944427
11046824
6757944
78785739
41930490
48536879
54586048
24115152
54582474
72458889
41772882
41779111
45825584
83370120
79215233
33013540
8815380
53687297
41665852
1693409
87383561
99591139
19035391
33819949
55942212
73935396
15877502
76827267
94016001
31420235
13986754
14476780
94983411
73261050
93262520
36913901
74314281
364920
61029053
28896755
72823809
55318288
23192218
18649393
91204760
2407452
4179285
52536492
56094749
98361489
6746254
95994662
97952628
25781645
29814612
53894840
99717041
98208466
30722107
46249395
82145053
97225213
60726175
77128464
23002615
6505047
14042365
97316897
59386319
27587771
26213652
32210128
35422411
49405871
3375873
26627171
51813323
60071510
31680016
60424424
58432999
38426270
56419087
8901980
64207915
38750051
62796820
16441309
36958517
46035280
15207056
71619923
95776845
28449583
48748387
18779461
34954631
62790753
16096358
94340950
42894876
42310010
79067431
78317287
44232233
34959656
57460810
48561908
47547519
89140826
8986333
58496870
80083448
17921772
67398850
96807716
56671823
82712023
13249025
46146692
81263655
28456081
17766615
77040500
56905664
19031355
48336313
44376647
34338460
16949023
91233950
77233336
11775386
22817733
8066975
56007619
57777389
65527785
4569528
5324908
7184964
66072213
16338131
39784764
83993985
83736981
36592480
93182160
66449004
49841505
91845204
229011
30813938
9611820
77269512
40235955
81159527
78122177
84612602
15497987
95071201
75846552
92731323
6846587
98664285
798298
62854206
8958027
18842435
19940086
66799287
78543751
86012299
83137418
18328516
22522636
19390752
54920996
15704796
38356108
57278854
7550001
38585120
88092792
69678173
68370984
80845099
50837700
46493161
65457702
18852039
41564362
93820606
11583362
48410949
45001244
64898012
63781508
6475623
83740447
83721594
25791262
62284199
69733894
61445033
33129067
92256530
80835785
88050063
60477679
19191893
97845269
20544032
57777013
38454414
42738557
26147997
19299513
46092609
25157511
37273567
64944648
66721873
31094174
76528010
67649175
28611770
93942374
31430683
87603745
77682821
67668629
13395007
92483372
89918875
74840040
25612439
82175406
8192177
66178855
95169437
27384071
64024124
15713469
37677436
2478538
10968378
16341786
74294404
57060987
41499297
11567971
22005635
60737522
95178497
51049997
28386697
23790267
44992371
12333732
63910364
75191544
80002362
29821724
20191269
22437589
4661764
45803708
4612995
12853942
64498915
52298784
92754365
81039392
20528605
30431801
36034282
31496983
46773587
10328686
88557970
40789236
21896658
63079957
1526759
17075155
14129954
82429808
93381775
11638677
47279893
57292139
86830222
27282255
39630215
7021491
2236196
44291980
5341551
6849192
9662274
22356819
11664328
2416639
3396211
32192934
85364792
91946845
63689917
32138380
2275532
4764240
25443968
24172190
67844197
26970727
93763697
34490504
9400536
87145472
98645533
56680429
96953964
37992107
36479036
36584179
45013598
38715232
33392511
2871502
98080776
95571137
77744673
9745105
97987776
33657236
94454391
35868921
25604081
58144308
20523653
27879613
62908548
45967621
4568155
30752746
72938349
50848205
17759602
34855237
90510029
16405135
44052018
87463993
54397243
33047406
76564525
51927193
24278990
62473388
7315047
22359767
58044526
85059720
84621224
8548654
18716956
79075615
96933927
96837390
89736275
17457580
77233355
52644824
63425202
81801511
35913922
36363551
32649716
6189876
23735140
23159745
22595011
67787158
63140091
29508606
53350916
92220968
81435800
77629906
7210708
41267199
52506025
17771586
26326920
37127249
78836593
97560228
68719216
75770520
46913970
10971844
93228101
24147326
63616668
56653303
58465189
52046942
45533206
43631257
10753170
21784698
19307354
33348181
42088208
82447445
15373140
95439124
27184765
96808940
73069030
86911826
38076139
25575056
4683412
16919411
15218657
83520005
66995992
36454226
11806878
13909962
47426070
5034979
90573640
63559090
14204634
49038829
15606032
59737840
92670086
26359202
81522538
11977441
12223735
76127098
46941238
27596875
71566222
26642356
76922167
44635252
13554182
67514659
22726660
70753946
84434070
90461670
54273952
3946414
26915896
66080830
70372729
74341966
23632161
60946369
37901056
37836795
9985199
6023440
50090987
55171637
84898994
84129877
67149078
97122729
60256975
66606669
77235957
31823197
93249025
54158124
28974801
6803207
21672783
51701462
30073505
58623206
42163132
36863809
15085972
21595380
55460991
85458701
95937346
79093152
46405071
86354754
16929947
8906622
92378194
67020934
64078259
77277188
51150811
31227338
26916269
63924138
50350359
4152226
95747335
43599384
10826703
24722137
2918943
32499486
28939951
32992448
43639044
23619435
69856258
58725017
45214815
25317249
44183718
41152161
56926754
43105141
27506915
26373053
52011763
72401461
93393988
16090023
49678649
97061151
99833713
76594918
60985290
50184072
33263497
9248977
46299808
44090200
33971114
49218751
29106038
15427417
34727551
72745083
39046852
57100161
83986452
84261667
82417411
28170170
77930180
91860517
23791664
57953447
18233570
75803427
30354908
64143910
44409802
32549909
61205062
96759867
61661180
74706704
46943939
94924677
36472033
45760099
91531229
22959500
94978850
20637267
38386917
82222754
45898702
29950122
39322915
29885154
66728141
74256678
10571677
44658322
66117195
34363341
55128121
84350766
62683120
37999382
48494676
7092923
23065643
62216090
3852790
84726823
89439146
3313082
32167852
25911180
49073181
23699081
48870680
96568384
96852701
87257597
78791138
42751403
69724071
18114053
25152910
36452213
92370732
35724587
33626887
58487927
70087928
41271360
42838693
32771048
79270742
43849722
92380323
2336386
6065812
96233114
39579561
95504959
52062548
71747414
21416139
1135729
47962847
22803171
97704113
44815548
62577120
76495251
40083304
32301192
47125657
65236214
68753405
39496389
960801
2380292
50500668
23565081
43651652
45855714
8852481
75438747
89705436
1232805
30291485
48287600
49982271
69871046
43792559
2044819
41618460
17725050
3180548
42097660
40528221
53401014
86913208
3105342
82412617
26996512
87922886
29538274
44749078
56676291
21551015
45709879
11572935
24568036
21791312
7740939
70423750
30643794
35696038
12645538
31876599
65987523
60933138
34375222
35858570
57242050
36420041
29993382
27483452
92116941
72091042
20528026
98034307
59004251
76149720
80446925
38517115
64072606
9985199
83266194
20748897
84052567
81492425
84838184
8620603
3283738
45095475
79044353
33927532
80791514
44206243
18320483
46779037
57655733
52695705
82637607
67414135
41632098
12630990
94897588
86265391
84722032
15425614
84299699
96242635
44091686
64746624
87276103
8164292
27248175
70542297
81429541
11300742
4551074
66267725
72437697
7834812
11363200
3998402
41762344
92154714
48204645
12599179
91450104
58376731
17811236
74087711
25790866
59443334
39235053
20688454
45708726
76473438
88630420
82524777
25232425
32722106
47271401
12508528
93402750
27035928
35567177
74832291
90853023
40118252
93616368
63290720
47953064
4979569
67289123
42231761
49650635
68010120
54830940
93617091
26386851
72642177
20221155
52177718
84601863
59456208
25382524
82826941
88445998
66529297
65351718
13678424
51767755
65139471
26186952
45170506
92175400
61754130
72519149
83028423
1872382
66135518
98835495
2341798
23631439
18640970
44573559
25798426
86651091
51920852
19415518
65554294
77079381
39636673
70248364
61681244
51609233
95630889
44508186
40055232
14676538
62376256
6250008
66444293
27515728
84953312
64131151
72207480
46707442
36650301
7752255
1096176
2785819
6587750
55954327
78933610
25228721
527886
4732036
64396164
52448738
24147554
82466810
29528119
16300579
52715175
43725716
20426165
862416
40750254
60481397
15538954
3126510
19247757
34499599
83158590
4201069
98630751
55366070
3424864
35281052
63118325
57037392
90583223
22222428
12991719
69516833
99967501
13519606
26765221
16880017
18484696
3429128
99346827
529168
19729707
4578354
44254884
40155872
5440770
37521490
53153621
73496076
40648000
72401378
60512028
23806591
29118800
59142779
31689013
32543664
46940183
47323691
42097408
90039758
69546119
55089128
12072943
69513620
21125086
38838164
38909989
39609782
42267292
38256816
92655302
61997000
42835171
89426538
54669224
792293
26948028
60339198
26804722
67596029
32740576
87316750
43918972
14375728
98975881
28124337
99435744
45916064
75448028
41533153
88472174
97510499
96622281
545117
19540471
17747367
39383281
58450460
9873501
81650574
96707277
55045156
96163926
92058800
44471694
3349502
45367445
71419723
63688700
24688519
39015752
48945629
12005269
35451076
63321357
63497502
63575413
62757102
9413566
91539794
4290255
50402092
89050293
53428888
50947209
8590765
23692607
90330491
19557577
86082460
24497417
16264854
41127616
20661343
60840006
85599311
24010845
58723804
57019034
40215898
83412323
48551138
89161527
95417593
36518566
52482884
11431447
52610331
67756338
20845014
44150125
24562945
23763458
85716771
77991833
74710668
46823888
54200792
65041159
66381465
40283253
89538576
35162672
33927221
62716271
48519030
19526532
39243468
7242834
29061918
79459366
90655158
30129408
68620893
38589103
66647974
73620130
50020550
19258306
41376468
23381916
15924783
65939414
47145375
1641554
96447599
21856043
48465442
50648392
39413554
67363260
43447997
81468482
2525932
77375218
96701105
51044962
49418103
35944573
58287797
78480021
67920292
1459307
8609430
89057537
40048410
27773756
62677667
42585312
47032062
4054136
65967229
62956846
22509902
65628956
17114752
71473853
87484999
18096547
22122245
79414905
85459807
18086594
60883387
40502091
47978165
57584492
91547053
97396268
46045417
2351202
28392641
13965709
3810509
89518423
3023247
96375271
17292180
18217266
91476936
16840594
74787754
57444165
79797440
97297656
75589473
49428545
68771510
15590824
67525092
43410107
95005729
5501251
14013054
8405468
46003342
61991219
65989960
37550395
59387487
64551729
92417950
87780128
31033791
48744811
29814904
86573390
97636435
47107084
4790656
89113371
63947678
79578411
99073888
96261471
29392419
74663361
45690016
50680281
90254185
65731460
94090389
37776266
71232711
8103443
46181734
17236053
22611014
64688046
7302800
81998501
29239775
99720750
22294981
12789918
48465562
52109885
99363308
98618349
99216969
56670317
87731720
15681000
36248728
39321960
11942471
18157499
13985321
10148839
68837781
56755858
75880299
15444522
94532124
47113010
76064317
40713858
64349063
98675331
5401904
71651863
33190184
87158031
23888966
55485165
99947950
24870880
60111403
99311258
23489229
11844724
55981575
11220949
27525724
44746655
3059261
91984547
15420507
17044582
2133386
84258288
26316792
78013685
52219162
20848916
25126695
80799831
14079126
41992110
31991514
19481030
13643974
65181698
6639061
90049292
73183215
6587011
14920172
33294618
58414622
38409401
97655695
66912549
2146702
25181419
11659205
5205963
17165967
79596064
74766897
19299353
16370704
1083689
49829391
68589866
21932605
27472438
1906049
36011731
69464549
33897563
8009113
35624875
51595613
67164526
25674167
24778828
26267890
40594339
10589799
84682512
31520092
60761846
4111413
33666794
85943265
68286970
91389109
55625584
47883034
66156006
74924938
64253738
67239695
77270681
85359956
41688652
4743119
87266005
30216735
74207668
21163568
90742200
62348895
25275533
57906726
40539414
2570714
36690968
81133753
65676865
21373480
65170197
26438711
78001246
98836991
12381976
46288216
90226100
68007561
94171251
8898458
95448851
10941341
28654505
25235884
96301298
22859509
29979003
83567303
53076244
56703024
57247224
96334796
19051919
82522757
6757875
59591334
37609823
43448843
93241439
3286688
17338676
58411637
29725399
95339922
9764980
94623728
94144490
52507433
15147641
88315741
61405891
10596492
51773435
90060397
35832376
48074733
12919906
18327731
84158388
18512503
75030755
41405612
14847299
46599027
76444722
74121526
58706713
14054545
17570370
51948152
17341234
34909046
62876141
99582985
82765320
72641122
94206713
76909810
25148555
9354354
17741904
39070798
19950846
69515339
29131195
8299574
17590072
94567454
26627306
1748460
13079957
54174413
95670425
80443608
773440
24631499
54565135
59480153
38686044
24651857
63944658
8543630
59560903
26820799
8126616
42326223
51978273
2333329
71752385
29643180
11687684
89494289
68713979
84154882
59009628
50361526
44970809
29116052
44928980
24114467
83380865
10525289
78288880
79051290
43485250
31578673
3682789
50566737
43575178
94885185
75218594
7519836
3428816
87295849
86856988
11555432
82138424
91351613
13888761
53890809
73511146
78092797
43385099
42225125
14764032
54911079
45103003
59734841
84027132
90031984
83849308
67407997
53073625
14654540
98975639
96558875
98749565
55174780
47125612
42324744
50059965
74860558
2360932
53488781
62156407
41734272
17560565
44294831
33085886
83965679
50701993
6597032
62058476
94087092
1338509
76822508
48998171
98957864
89073701
85541655
41506200
72923009
5466004
94579826
40093902
4441643
43655053
38843467
59616423
43297018
33684563
62192741
18157576
36045496
15681522
80313984
30296120
85758440
77125167
63382006
69724119
27827160
22495390
84298947
74430604
76350251
13637808
75945128
75308116
2711509
61486783
16814316
28150871
66952788
63910494
68244773
23910783
7565548
59604592
36043559
50862566
93289156
98236300
69020142
81851004
66434174
1850478
12147124
52192614
31491998
28045483
21916733
59319158
3057225
58732033
33749763
79407477
72369841
62211243
7231945
75081350
23698026
76562613
3232221
43167166
40473108
23993346
19594302
555008
36114291
55637861
51417574
29403447
53874161
72954068
63770803
20308335
27320899
75917927
72500950
58812897
3963410
46934035
70648407
59536988
5666068
56914522
38944465
30552261
19125765
98692762
5633612
95340144
75255375
61382185
91023662
68244835
37891884
10617964
68799843
74006175
66255825
72733769
55925974
20129986
98204190
19696777
92954674
25525089
95614704
17971976
36854338
52094467
17422363
7502745
11631455
75604784
16933620
3092272
6157045
36059385
54301386
11790657
83915881
82073113
25689195
74939544
50317949
63581079
85557508
71634144
37587254
4329686
96884266
46029580
76976024
95088456
65726357
69930698
20613545
13857413
40419026
9984235
18468232
57841390
17486980
82616039
33446174
86936952
38224663
39603219
22996338
92526049
3910229
59428571
74599163
82115776
34368115
77433464
45696855
72441976
1583960
35800461
76771662
98468226
81830041
6264038
93556682
72750
28711089
66686579
13930163
69130115
76670814
32398396
79487857
46674147
15014435
12934031
33611099
53239099
5053603
9123789
98281500
61480184
68552361
25397015
96112312
55436828
55346831
41809167
80395156
56930792
30125980
9683170
55399018
64472373
15947209
1472053
64545123
44658298
20674984
78475286
13788413
97345799
63390034
45792623
96536298
30920822
11243006
82663749
36676273
16296609
44303891
34957773
30293145
65372604
12871141
26405457
20809432
68217972
20730976
53720941
25148764
3373308
63404111
33064135
67845681
79351320
87052540
32390804
24009618
7727524
63382443
90314384
57589675
79288829
36107007
54125973
10209651
47350013
89306075
99402276
16162975
33609966
86876402
98972472
51498922
99747543
77894282
24824706
67965515
51141610
78545647
45630632
54514919
41949759
31211119
74876952
21301079
18263659
59784109
97827050
25991183
75682904
88141434
83580859
54971733
76764793
90223184
17697737
76631158
32045611
17100013
45310485
18171929
3976415
44282958
69670851
3723958
74693592
94495558
24205826
25835202
73041205
69836458
32866473
14990964
1047577
7743426
88808396
71827588
67527535
86635446
97818771
95726791
27293232
33915982
50698524
4058025
76655519
68396261
33205535
8701130
38012627
78516021
79389412
41989042
75315331
49060263
98229353
50008923
43555821
22435179
28360477
69113379
44787989
61226951
84104343
98351918
21486729
72912739
70179506
41530616
12064537
20514629
37257407
39357769
54430612
40472283
95932146
83602483
61384897
29137682
44819965
99397524
60170055
24209377
93902918
88001738
73269641
92132271
38010661
69341814
67083802
18887490
38455193
64388143
32630793
75075889
62740061
54117522
504980
32919567
48164490
12569518
53434197
85421897
4443639
60381161
78410533
375786
43983644
39795430
82029820
41319961
39192954
94716227
65529339
33095872
82717965
91315332
77744496
73244978
60657146
97344650
44648820
99112340
61732794
77279614
26704581
76989207
83913488
27209561
9908775
32077979
92295431
15859324
70016228
96739071
28756837
48426761
49631209
72740481
40738543
84177381
14060442
79931497
78893608
32106133
65543722
14127925
23421465
43288218
87372903
84078612
93149220
84538075
35707304
54882014
61817689
14928237
31871222
98247530
42137798
94296349
30325509
34433230
62672025
52858089
31172301
91428862
53801203
33319862
16685695
94539746
17497243
83262489
26987596
96390851
15368623
92531318
10518776
91306440
88335888
50408031
27901404
34001460
34946106
16125060
41399827
49280148
31053297
25787401
47527678
73191096
20083750
30369539
60140678
35272127
35743980
43829331
26700989
89545183
77149193
95903036
36601282
94646436
79165525
16105230
91037287
47050500
8636548
54072415
38356941
49488788
56996798
18774697
83490248
44459256
34899758
24890075
46255756
65953055
3193828
93783434
91660503
23277578
76669325
51801181
11066057
12413306
95630512
90283398
54474841
72779705
86186434
91076123
67426141
17868312
7181353
10979780
17435164
68334253
17568547
8308457
70339393
27081697
27083155
6345994
24057306
61982913
83752421
70313062
80452320
86946250
16612849
72112824
62740180
93282174
23914005
73806238
5695480
19544518
64089636
60170322
44840575
2792423
3762797
12266717
20660735
63460503
75762849
38095899
84311108
45847749
46404357
54650502
72929446
73487512
60996496
96986752
87986777
97265269
67299815
68439097
84211519
83912664
40551921
46951700
29711190
16982279
20757938
35406671
36526797
37363926
48093345
33883724
40156349
51856142
98666793
60817084
67832997
74429643
51429336
52144106
20277392
97833693
6794608
45723190
23837557
20307456
42709943
11824334
17572725
62526110
80263431
54300597
98955126
73331705
1252297
28666316
90313984
74526587
16589339
79357133
64406865
64682684
13240857
57079567
69055179
11907651
17896651
36888176
38853646
21842339
41548634
59131038
72192384
859594
4854228
96029941
73683402
80523
60370627
43772480
62606633
40634059
98073077
14078111
66482116
51841726
42744428
56796100
78884665
11850119
88669585
43291530
76532804
1910442
371097
98104335
66334445
70784101
87508863
5188091
45142792
81573850
16835481
17335177
82433444
74206062
13365118
56116847
74286585
73735746
99889327
89409571
66886157
97962404
56004034
85884625
2320482
51264814
95197077
81205147
63114934
83866662
77013029
92164090
38293456
29900479
90268425
4627902
684580
30293640
62332345
45827372
11867490
31684179
15678901
94300935
5890241
29044020
2934134
32693178
55296118
55339813
22102749
22182275
5818569
30623136
60583252
8139051
81887950
55780329
89344198
45002884
39646991
18873579
37166974
30456799
48774058
79951751
35084701
1974990
62761744
49933399
47802363
74629234
81617578
63481264
21446521
40024171
45041636
76897007
72717349
337754
32236820
47336451
75036381
38055389
77959587
35619633
46194440
59847537
43916314
88054990
4850422
83563305
6928570
94533748
14020105
8218980
27001852
1621158
10193971
89763596
4070909
10512686
16909182
38204839
